                            0,
                         14,  1,
                       28, 15,  2,
                     42, 29, 16,  3,
                   56, 43, 30, 17,  4,
                 70, 57, 44, 31, 18,  5,
               84, 71, 58, 45, 32, 19,  6,
             98, 85, 72, 59, 46, 33, 20,  7,
          112, 99, 86, 73, 60, 47, 34, 21,  8,
        126,113,100, 87, 74, 61, 48, 35, 22,  9,
      140,127,114,101, 88, 75, 62, 49, 36, 23, 10,
    154,141,128,115,102, 89, 76, 63, 50, 37, 24, 11,
  168,155,142,129,116,103, 90, 77, 64, 51, 38, 25, 12,
182,169,156,143,130,117,104, 91, 78, 65, 52, 39, 26, 13,
  183,170,157,144,131,118,105, 92, 79, 66, 53, 40, 27,
    184,171,158,145,132,119,106, 93, 80, 67, 54, 41,
      185,172,159,146,133,120,107, 94, 81, 68, 55,
        186,173,160,147,134,121,108, 95, 82, 69,
          187,174,161,148,135,122,109, 96, 83,
            188,175,162,149,136,123,110, 97,
              189,176,163,150,137,124,111,
                190,177,164,151,138,125,
                  191,178,165,152,139,
                    192,179,166,153,
                      193,180,167,
                        194,181,
                          195





















